0.0
0.20408163265306123
0.40816326530612246
0.6122448979591837
0.8163265306122449
1.0204081632653061
1.2244897959183674
1.4285714285714286
1.6326530612244898
1.836734693877551
2.0408163265306123
2.2448979591836737
2.4489795918367347
2.6530612244897958
2.857142857142857
3.0612244897959187
3.2653061224489797
3.4693877551020407
3.673469387755102
3.8775510204081636
4.081632653061225
4.285714285714286
4.4897959183673475
4.6938775510204085
4.8979591836734695
5.1020408163265305
5.3061224489795915
5.510204081632653
5.714285714285714
5.918367346938775
6.122448979591837
6.326530612244898
6.530612244897959
6.73469387755102
6.938775510204081
7.142857142857143
7.346938775510204
7.551020408163265
7.755102040816327
7.959183673469388
8.16326530612245
8.36734693877551
8.571428571428571
8.775510204081632
8.979591836734695
9.183673469387756
9.387755102040817
9.591836734693878
9.795918367346939
10.0
